[gd_scene load_steps=12 format=3 uid="uid://cnopvqsfp8d5e"]

[ext_resource type="Script" path="res://assets/Scripts/level_1.gd" id="1_4bn1u"]
[ext_resource type="PackedScene" uid="uid://bnf8b0hj1xgf2" path="res://assets/Models/block.tscn" id="1_cewtq"]
[ext_resource type="PackedScene" uid="uid://c511vl5patgmo" path="res://assets/Models/player/player.tscn" id="2_mxpfi"]
[ext_resource type="Script" path="res://assets/Scripts/player.gd" id="3_n1us6"]
[ext_resource type="Texture2D" uid="uid://b1b1286s4nw" path="res://assets/icon.svg" id="4_i75v6"]
[ext_resource type="PackedScene" uid="uid://blyulifctuxim" path="res://assets/Models/coin/coin.tscn" id="4_jeteg"]
[ext_resource type="Script" path="res://assets/Scripts/icon.gd" id="5_a306l"]
[ext_resource type="Environment" uid="uid://bsw0k5was46ld" path="res://assets/Environments/level_1.tres" id="7_e3ygo"]
[ext_resource type="MeshLibrary" uid="uid://ur8cf8ujp0wk" path="res://assets/world_blocks/world_blocks_v1.tres" id="8_m1osi"]
[ext_resource type="PackedScene" uid="uid://d337ddpecgxuw" path="res://scenes/UI/hud.tscn" id="10_8urfr"]

[sub_resource type="BoxShape3D" id="BoxShape3D_s1b7q"]
size = Vector3(120, 1, 120)

[node name="Level1" type="Node3D"]
script = ExtResource("1_4bn1u")

[node name="DirectionalLight3D" type="DirectionalLight3D" parent="."]
transform = Transform3D(0.0830993, 0.513125, -0.854282, -0.00425761, 0.857422, 0.514597, 0.996532, -0.0391255, 0.0734358, -14.1993, 13.8174, 0)

[node name="FallingBlocks" type="Node3D" parent="."]

[node name="Block" parent="FallingBlocks" instance=ExtResource("1_cewtq")]
transform = Transform3D(0.437172, 0.631898, 0.639989, -0.822372, 0.568949, 0, -0.364121, -0.526309, 0.768384, -2.16433, 8.69854, 1.98282)

[node name="Block2" parent="FallingBlocks" instance=ExtResource("1_cewtq")]
transform = Transform3D(0.914148, -0.356397, 0.19317, 0.405381, 0.803688, -0.435605, 0, 0.476514, 0.879167, -7.63219, 6.80563, -1.0065)

[node name="Block6" parent="FallingBlocks" instance=ExtResource("1_cewtq")]
transform = Transform3D(-0.408448, 0.585545, 0.70022, 0.405381, 0.803688, -0.435605, -0.817825, 0.105934, -0.565633, 2.43826, 6.80563, 3.42243)

[node name="Block5" parent="FallingBlocks" instance=ExtResource("1_cewtq")]
transform = Transform3D(-0.243803, -0.924557, 0.29284, 0.0752379, -0.319072, -0.944739, 0.966902, -0.208298, 0.147352, -6.75419, 5.22534, 6.98218)

[node name="Block3" parent="FallingBlocks" instance=ExtResource("1_cewtq")]
transform = Transform3D(0.945103, 0, 0.326773, 0.216295, 0.74958, -0.625577, -0.244942, 0.661914, 0.70843, 0.565655, 5.35289, 8.87669)

[node name="Block8" parent="FallingBlocks" instance=ExtResource("1_cewtq")]
transform = Transform3D(0.0639305, -0.86162, -0.503512, -0.371656, -0.488806, 0.789266, -0.926167, 0.136675, -0.351476, 0.880225, 9.08412, -4.58785)

[node name="Block9" parent="FallingBlocks" instance=ExtResource("1_cewtq")]
transform = Transform3D(0.945103, 1.24759e-08, 0.326773, -0.3194, 0.211222, 0.92378, -0.0690217, -0.977438, 0.199627, -4.81261, 6.91545, -5.8541)

[node name="Block7" parent="FallingBlocks" instance=ExtResource("1_cewtq")]
transform = Transform3D(0.945103, 0, 0.326773, 0.216295, 0.74958, -0.625577, -0.244942, 0.661914, 0.70843, 6.52842, 7.49525, 5.50355)

[node name="Block4" parent="FallingBlocks" instance=ExtResource("1_cewtq")]
transform = Transform3D(0.842744, 0, -0.538315, -0.340995, 0.773785, -0.533835, 0.41654, 0.633448, 0.652102, 6.36841, 5.57795, -3.23066)

[node name="CharacterBody3D" parent="." instance=ExtResource("2_mxpfi")]
transform = Transform3D(1, 0, 0, 0, 1, 0, 0, 0, 1, 0.00614452, 1.65797, 0.0028007)
script = ExtResource("3_n1us6")

[node name="Coins" type="Node3D" parent="."]
transform = Transform3D(1, 0, 0, 0, 1, 0, 0, 0, 1, -1.72212, 1.20534, 4.31456)

[node name="Coin" parent="Coins" node_paths=PackedStringArray("hud") instance=ExtResource("4_jeteg")]
transform = Transform3D(0.835625, 0, -0.5493, 0, 1, 0, 0.5493, 0, 0.835625, -5.53333, 0.5, -11.9272)
hud = NodePath("../../HUD")

[node name="Coin2" parent="Coins" node_paths=PackedStringArray("hud") instance=ExtResource("4_jeteg")]
transform = Transform3D(0.877456, 0, 0.479657, 0, 1, 0, -0.479657, 0, 0.877456, 6.28482, 0.5, -8.85161)
hud = NodePath("../../HUD")

[node name="Coin3" parent="Coins" node_paths=PackedStringArray("hud") instance=ExtResource("4_jeteg")]
transform = Transform3D(-0.427894, 0, 0.903829, 0, 1, 0, -0.903829, 0, -0.427894, 4.32605, 0.5, 2.01212)
hud = NodePath("../../HUD")

[node name="Coin4" parent="Coins" node_paths=PackedStringArray("hud") instance=ExtResource("4_jeteg")]
transform = Transform3D(0.778495, 0, 0.627651, 0, 1, 0, -0.627651, 0, 0.778495, -5.16528, 0.5, -0.754544)
hud = NodePath("../../HUD")

[node name="Coin5" parent="Coins" node_paths=PackedStringArray("hud") instance=ExtResource("4_jeteg")]
transform = Transform3D(0.00450304, 0, 0.99999, 0, 1, 0, -0.99999, 0, 0.00450304, 2.86727, 0.5, -5.63935)
hud = NodePath("../../HUD")

[node name="Coin6" parent="Coins" node_paths=PackedStringArray("hud") instance=ExtResource("4_jeteg")]
transform = Transform3D(0.987576, 0, -0.157141, 0, 1, 0, 0.157141, 0, 0.987576, 15.9929, 6.59864, -22.7357)
hud = NodePath("../../HUD")

[node name="Coin7" parent="Coins" node_paths=PackedStringArray("hud") instance=ExtResource("4_jeteg")]
transform = Transform3D(0.605863, 0, -0.795569, 0, 1, 0, 0.795569, 0, 0.605863, -11.2313, 6.10379, -22.5826)
hud = NodePath("../../HUD")

[node name="Coin8" parent="Coins" node_paths=PackedStringArray("hud") instance=ExtResource("4_jeteg")]
transform = Transform3D(-0.98597, 0, 0.166924, 0, 1, 0, -0.166924, 0, -0.98597, 32.0364, 0.0628632, -4.13618)
hud = NodePath("../../HUD")

[node name="Coin9" parent="Coins" node_paths=PackedStringArray("hud") instance=ExtResource("4_jeteg")]
transform = Transform3D(0.807969, 0, 0.589224, 0, 1, 0, -0.589224, 0, 0.807969, 32.2556, 0.0628632, 1.16723)
hud = NodePath("../../HUD")

[node name="Coin10" parent="Coins" node_paths=PackedStringArray("hud") instance=ExtResource("4_jeteg")]
transform = Transform3D(-0.103313, 0, 0.994649, 0, 1, 0, -0.994649, 0, -0.103313, 32.2556, 0.0628632, 7.06382)
hud = NodePath("../../HUD")

[node name="Coin11" parent="Coins" node_paths=PackedStringArray("hud") instance=ExtResource("4_jeteg")]
transform = Transform3D(-0.308037, 0, 0.951374, 0, 1, 0, -0.951374, 0, -0.308037, 32.2556, 0.0628632, -15.3441)
hud = NodePath("../../HUD")

[node name="Coin12" parent="Coins" node_paths=PackedStringArray("hud") instance=ExtResource("4_jeteg")]
transform = Transform3D(0.727785, 0, 0.685805, 0, 1, 0, -0.685805, 0, 0.727785, 32.2556, 0.0628632, -10.2702)
hud = NodePath("../../HUD")

[node name="Coin13" parent="Coins" node_paths=PackedStringArray("hud") instance=ExtResource("4_jeteg")]
transform = Transform3D(0.333708, 0, 0.942676, 0, 1, 0, -0.942676, 0, 0.333708, 44.3114, 0.0628632, -4.43163)
hud = NodePath("../../HUD")

[node name="Coin14" parent="Coins" node_paths=PackedStringArray("hud") instance=ExtResource("4_jeteg")]
transform = Transform3D(0.46147, 0, 0.887156, 0, 1, 0, -0.887156, 0, 0.46147, 38.7729, 0.0628632, -4.40309)
hud = NodePath("../../HUD")

[node name="Icon" type="Sprite3D" parent="."]
transform = Transform3D(1, 0, 0, 0, 1, 0, 0, 0, 1, 0, 5.1089, 0)
texture = ExtResource("4_i75v6")
script = ExtResource("5_a306l")

[node name="WorldEnvironment" type="WorldEnvironment" parent="."]
environment = ExtResource("7_e3ygo")

[node name="GridMap" type="GridMap" parent="."]
mesh_library = ExtResource("8_m1osi")
collision_layer = 2
collision_mask = 13
data = {
"cells": PackedInt32Array(-5, 65532, 0, -5, 65533, 0, -5, 65534, 0, -5, 65535, 0, -5, 0, 0, -5, 1, 0, -5, 2, 0, -5, 3, 0, -4, 65532, 0, -4, 65533, 0, -4, 65534, 0, -4, 65535, 0, -4, 0, 0, -4, 1, 0, -4, 2, 0, -4, 3, 0, -3, 65532, 0, -3, 65533, 0, -3, 65534, 0, -3, 65535, 0, -3, 0, 0, -3, 1, 0, -3, 2, 0, -3, 3, 0, -2, 65532, 0, -2, 65533, 0, -2, 65534, 0, -2, 65535, 0, -2, 0, 0, -2, 1, 0, -2, 2, 0, -2, 3, 0, -1, 65532, 655360, -1, 65534, 0, -1, 65535, 0, -1, 0, 0, -1, 1, 0, -1, 2, 0, -1, 3, 0, -65536, 65532, 0, -65536, 65533, 0, -65536, 65534, 0, -65536, 65535, 0, -65536, 0, 0, -65536, 1, 0, -65536, 2, 0, -65536, 3, 0, -65535, 65532, 0, -65535, 65533, 0, -65535, 65534, 0, -65535, 65535, 0, -65535, 0, 0, -65535, 1, 0, -65535, 2, 0, -65535, 3, 0, -65534, 65532, 0, -65534, 65533, 0, -65534, 65534, 0, -65534, 65535, 0, -65534, 0, 0, -65534, 1, 0, -65534, 2, 0, -65534, 3, 0, -65533, 65532, 0, -65533, 65533, 0, -65533, 65534, 0, -65533, 65535, 0, -65533, 0, 0, -65533, 1, 0, -65533, 2, 0, -65533, 3, 0, -65532, 65532, 0, -65532, 65533, 0, -65532, 65534, 0, -65532, 65535, 0, -65532, 0, 0, -65532, 1, 0, -65532, 2, 0, -65532, 3, 0, -5, 65531, 0, -4, 65531, 0, -3, 65531, 0, -2, 65531, 0, -1, 65531, 655360, -65536, 65531, 0, -65535, 65531, 0, -65534, 65531, 0, -65533, 65531, 0, -65532, 65531, 0, -5, 4, 0, -4, 4, 0, -3, 4, 0, -2, 4, 0, -1, 4, 0, -65535, 4, 0, -65534, 4, 0, -65533, 4, 0, -65532, 4, 0, -65536, 4, 0, -6, 65531, 1441797, -6, 65532, 1441797, -6, 65533, 1441797, -6, 65534, 1441797, -6, 65535, 1441797, -6, 0, 1441797, -6, 1, 1441797, -6, 2, 1441797, -6, 4, 1441797, -6, 3, 1441797, -5, 65530, 655365, -4, 65530, 655365, -3, 65530, 655365, -2, 65530, 655365, -65535, 65530, 131072, -65534, 65530, 655365, -65533, 65530, 655365, -65531, 65531, 1048581, -65531, 65532, 1048581, -65531, 65533, 1048581, -65531, 65534, 1048581, -65531, 65535, 655360, -65531, 0, 655360, -65531, 1, 1048581, -65531, 2, 1048581, -65531, 3, 1048581, -65531, 4, 1048581, -65532, 5, 5, -65533, 5, 5, -65534, 5, 5, -65535, 5, 5, -65536, 5, 5, -1, 5, 5, -2, 5, 5, -3, 5, 5, -4, 5, 5, -5, 5, 5, -6, 5, 6, -6, 65530, 1441798, -65531, 65530, 655366, -65531, 5, 1048582, -65532, 65530, 655365, -65536, 65530, 131072, -1, 65530, 131073, -1, 65533, 655360, 65535, 65529, 2, 0, 65529, 2, 0, 65528, 655361, 65535, 65528, 655361, 65535, 65527, 655360, 0, 65526, 655365, 65535, 65526, 655365, 65537, 65526, 1441794, 65537, 65527, 1441794, 131070, 65527, 1048578, 131070, 65526, 1048578, 65538, 65527, 1048577, 65538, 65526, 1048577, 131069, 65526, 1441793, 131069, 65527, 1441793, 2, 65527, 1310722, 2, 65526, 1310722, 65533, 65526, 1179650, 65533, 65527, 1179650, 65534, 65526, 1310721, 65534, 65527, 1310721, -1, 65528, 524290, -65536, 65528, 524290, -1, 65529, 131073, -65536, 65529, 131073, 1, 65527, 1179649, 1, 65526, 1179649, 0, 65527, 1310720, 65539, 65527, 1179649, 65539, 65526, 1179649, 131068, 65527, 1310721, 131068, 65526, 1310721, 131075, 65527, 1441794, 131075, 65526, 1441794, 196604, 65527, 1048578, 196604, 65526, 1048578, 65540, 65527, 1310722, 65540, 65526, 1310722, 131067, 65527, 1179650, 131067, 65526, 1179650, 196603, 65526, 1441793, 196603, 65527, 1441793, 131076, 65527, 1048577, 131076, 65526, 1048577, 131077, 65527, 1048576, 131077, 65526, 1048576, 131078, 65527, 1048576, 131078, 65526, 1048576, 196602, 65527, 1048576, 196602, 65526, 1048576, 196601, 65526, 1048576, 196601, 65527, 1048576, 131079, 65527, 1048581, 131079, 65526, 1048581, 131078, 65528, 5, 131078, 65525, 655365, 131077, 65528, 6, 131079, 65528, 1048582, 131077, 65525, 1441798, 131079, 65525, 655366, 196602, 65525, 655366, 196602, 65528, 1048582, 196600, 65528, 6, 196600, 65525, 1441798, 196600, 65526, 1441797, 196600, 65527, 1441797, 196601, 65528, 5, 196601, 65525, 655365, -65530, 65535, 655365, -65529, 65535, 655365, -65528, 65535, 655365, -65530, 0, 5, -65529, 0, 5, -65528, 0, 5, -65524, 0, 5, -65524, 65535, 655365, -65523, 65535, 655365, -65523, 0, 5, -65522, 65535, 1441792, -65522, 0, 1441792, -65522, 65534, 1441797, -65522, 1, 1441797, -65522, 2, 1441797, -65522, 3, 1441797, -65522, 4, 1441797, -65522, 5, 1441797, -65522, 65533, 1441797, -65522, 65532, 1441797, -65522, 65531, 1441797, -65522, 65530, 1441797, -65521, 65530, 1048581, -65521, 65531, 1048581, -65521, 65532, 1048581, -65521, 65533, 1048581, -65521, 65534, 1048581, -65521, 65535, 1441792, -65521, 0, 1441792, -65521, 1, 1048581, -65521, 2, 1048581, -65521, 3, 1048581, -65521, 4, 1048581, -65521, 5, 1048581, -65520, 65535, 655365, -65519, 65535, 655365, -65518, 65535, 655365, -65517, 65535, 655365, -65520, 0, 5, -65519, 0, 5, -65518, 0, 5, -65517, 0, 5, -65516, 0, 5, -65516, 65535, 655365, -65515, 65535, 655366, -65515, 0, 1048582, -65522, 6, 6, -65521, 6, 1048582, -65522, 65529, 1441798, -65521, 65529, 655366)
}
metadata/_editor_floor_ = Vector3(0, -1, 0)

[node name="FallZone" type="Area3D" parent="."]
transform = Transform3D(1, 0, 0, 0, 1, 0, 0, 0, 1, 0, -8.38215, 0)
collision_layer = 16

[node name="CollisionShape3D" type="CollisionShape3D" parent="FallZone"]
shape = SubResource("BoxShape3D_s1b7q")

[node name="HUD" parent="." instance=ExtResource("10_8urfr")]

[connection signal="body_entered" from="FallZone" to="CharacterBody3D" method="_on_fall_zone_body_entered"]
